100
933722753753871
676907993317352
555028685322395
458668535497494
677084734368703
843903997685218
15806427621602
82975120019357
702026259592071
529449253694181
477581938937361
765904571409513
196635033653219
665133246734476
268007053917969
11886709579697
845126262946652
420061017715106
517526708838396
657906965513442
826959800263676
581964021718950
900303946884502
199860100189632
989012760510138
867069151056476
369432840866371
807987732322557
205326298629553
387707167893506
762965355146779
690758850919138
948019501523596
235903959603601
201725425901867
305700614935883
500494139229164
361606322856821
236314896787676
41429081975692
639895018997405
388413974411840
917093781804590
928151651212936
240227977452102
732254787087758
768899116252077
181390107336310
363767786111882
458329296354958
884294315345661
171549191071308
886161362049919
494188152728764
964928257391483
78973069575682
228053229647762
68819373774808
209403529834832
764472398003579
513701963193105
588077505873407
392224804014253
172652657152452
229352484555344
135710484852233
935115869460368
704701397379478
686262208263182
285414849083570
324697908954210
501715695404367
115398208505465
18942515968450
332537870893362
538223508328606
119501865333646
97952280814229
239904492430915
751822490121909
10859545355838
80233060244162
756716740429059
354196513294675
844931077992253
690071742508095
831041263607957
651481157468614
421323562212882
747600469945608
498966248372891
147126413888300
366547904226940
997028354219926
845506976542529
675487157806873
22856878569230
729223394917570
135053987474346
108445429375382