100
847794190
393051739
392427367
441391641
695413726
300479992
254324405
38084292
800164847
932969084
703898026
993630180
464495972
992843106
93617199
682691906
353190496
937748494
426906565
807350982
178379425
723581316
599078412
736573131
810923555
748392569
583632174
278764519
981655556
850353534
405384754
667456182
621957051
158838393
818574609
198753109
105721524
893331517
88375260
82071807
133272872
559121149
916124333
78525328
364423106
434376649
183088780
521828136
239252017
529341468
652769395
257672588
739621129
342043005
132349341
603008882
59419359
355927058
759186128
547158030
411981518
343789982
59742879
772298883
135448013
233260413
694940080
71769515
55808889
19107116
834240424
334426349
203033775
475658902
401482831
214142786
56175159
411828035
496449047
186757966
168238152
703428671
602441994
431761717
967967199
933214651
436301167
979276123
938466581
204101307
22650478
207056889
402805079
151067783
993424280
301819783
910108917
338468675
548112616
48343946