100
6864673
7745057
8332755
9506162
2813992
5449505
55269
7380877
5463482
1014370
1366945
2724423
4034300
2525436
5298807
8900312
8010820
6172702
3860253
7391773
5465202
5895992
1140168
4634071
4082037
1553523
6991852
893237
2753453
3425075
5292471
8998098
9576884
1494248
6223853
3609131
5051616
8410527
9942272
2776443
7395197
7437242
2219738
6161899
2486397
8219124
8274336
2992843
4544196
5793654
5358215
2704068
7071735
4796042
4189473
7387196
3698624
7871323
7083325
1026755
2612442
8449152
3645001
850757
1264211
6167996
4985209
2505112
3914139
2878938
6099718
3113376
2024242
7631160
5721119
6972934
5782129
83494
1676123
2849717
5766137
2755177
4394255
1811988
6753557
8934942
352979
3202194
7677373
2186069
6542279
7632101
8723088
2568688
1114875
5351567
4577195
1907490
1236130
9093191