79
999999999999999935
999999999999999849
999999999999999816
999999999999999863
999999999999999950
999999999999999877
999999999999999954
999999999999999837
999999999999999898
999999999999999806
999999999999999907
999999999999999983
999999999999999878
999999999999999931
999999999999999921
999999999999999842
999999999999999953
999999999999999979
999999999999999929
999999999999999883
999999999999999990
999999999999999807
999999999999999925
999999999999999986
999999999999999975
999999999999999825
999999999999999819
999999999999999804
999999999999999876
999999999999999918
999999999999999840
999999999999999926
999999999999999906
999999999999999867
999999999999999974
999999999999999937
999999999999999955
999999999999999832
999999999999999834
999999999999999844
999999999999999938
999999999999999959
999999999999999820
999999999999999891
999999999999999848
999999999999999857
999999999999999828
999999999999999815
999999999999999853
999999999999999940
999999999999999864
999999999999999961
999999999999999890
999999999999999927
999999999999999831
999999999999999814
999999999999999874
999999999999999800
999999999999999910
999999999999999997
999999999999999967
999999999999999854
999999999999999885
999999999999999884
999999999999999958
999999999999999835
999999999999999968
999999999999999962
999999999999999892
999999999999999856
999999999999999836
999999999999999871
999999999999999969
999999999999999897
999999999999999895
999999999999999872
999999999999999818
999999999999999896
999999999999999992